89
23
22 5 88 
17 5 3 6 a -8 
1 6 res_base 32760 4 0 
16 6 a -8 1 5 
3 5 3 5 8 
1 6 b_base -88 3 0 
1 1 8 1 7 
16 5 4 1 9 
3 5 4 5 8 
1 6 b_base -88 3 0 
1 1 12 1 11 
16 5 1 1 13 
3 5 4 5 8 
1 6 b_base -88 3 0 
1 1 16 1 15 
3 5 3 5 8 
1 6 b_base -88 3 0 
1 1 19 1 18 
15 1 17 
15 1 20 
1 1 21 1 22 
17 1 23 6 a -8 
3 5 5 5 8 
1 6 b_base -88 3 0 
1 1 26 1 25 
16 5 7 1 27 
3 6 a -8 5 8 
1 6 b_base -88 3 0 
1 1 30 1 29 
15 1 31 
19 1 32 
3 5 3 5 8 
1 6 b_base -88 3 0 
1 1 35 1 34 
16 5 67 1 36 
3 5 4 5 8 
1 6 b_base -88 3 0 
1 1 39 1 38 
3 5 3 5 8 
1 6 b_base -88 3 0 
1 1 42 1 41 
15 1 43 
1 1 44 6 a -8 
16 1 45 1 40 
1 6 res_base 32760 4 0 
16 5 4 1 47 
1 6 res_base 32760 4 0 
15 1 49 
3 1 50 5 8 
1 6 b_base -88 3 0 
1 1 52 1 51 
15 1 53 
19 1 54 
8 5 1 5 0 
13 1 56 2 64 
1 6 res_base 32760 4 0 
15 1 58 
1 1 59 5 1 
1 6 res_base 32760 4 0 
16 1 60 1 61 
10 2 69 
1 6 res_base 32760 4 0 
15 1 64 
2 1 65 5 1 
1 6 res_base 32760 4 0 
16 1 66 1 67 
1 6 res_base 32760 4 0 
15 1 69 
3 1 70 5 8 
1 6 b_base -88 3 0 
1 1 72 1 71 
16 5 89 1 73 
1 6 res_base 32760 4 0 
15 1 75 
3 1 76 5 8 
1 6 b_base -88 3 0 
1 1 78 1 77 
15 1 79 
19 1 80 
3 5 3 5 8 
1 6 b_base -88 3 0 
1 1 83 1 82 
15 1 84 
19 1 85 
19 6 a -8 
24 5 0 
89
89
23
22 5 88 
17 5 3 6 a -8 
1 6 res_base 32760 4 0 
16 6 a -8 1 5 
3 5 3 5 8 
1 6 b_base -88 3 0 
1 1 8 1 7 
16 5 4 1 9 
3 5 4 5 8 
1 6 b_base -88 3 0 
1 1 12 1 11 
16 5 1 1 13 
3 5 4 5 8 
1 6 b_base -88 3 0 
1 1 16 1 15 
3 5 3 5 8 
1 6 b_base -88 3 0 
1 1 19 1 18 
15 1 17 
15 1 20 
1 1 21 1 22 
17 1 23 6 a -8 
3 5 5 5 8 
1 6 b_base -88 3 0 
1 1 26 1 25 
16 5 7 1 27 
3 6 a -8 5 8 
1 6 b_base -88 3 0 
1 1 30 1 29 
15 1 31 
19 1 32 
3 5 3 5 8 
1 6 b_base -88 3 0 
1 1 35 1 34 
16 5 67 1 36 
3 5 4 5 8 
1 6 b_base -88 3 0 
1 1 39 1 38 
3 5 3 5 8 
1 6 b_base -88 3 0 
1 1 42 1 41 
15 1 43 
1 1 44 6 a -8 
16 1 45 1 40 
1 6 res_base 32760 4 0 
16 5 4 1 47 
1 6 res_base 32760 4 0 
15 1 49 
3 1 50 5 8 
1 6 b_base -88 3 0 
1 1 52 1 51 
15 1 53 
19 1 54 
8 5 1 5 0 
13 1 56 2 64 
1 6 res_base 32760 4 0 
15 1 58 
1 1 59 5 1 
1 6 res_base 32760 4 0 
16 1 60 1 61 
10 2 69 
1 6 res_base 32760 4 0 
15 1 64 
2 1 65 5 1 
1 6 res_base 32760 4 0 
16 1 66 1 67 
1 6 res_base 32760 4 0 
15 1 69 
3 1 70 5 8 
1 6 b_base -88 3 0 
1 1 72 1 71 
16 5 89 1 73 
1 6 res_base 32760 4 0 
15 1 75 
3 1 76 5 8 
1 6 b_base -88 3 0 
1 1 78 1 77 
15 1 79 
19 1 80 
3 5 3 5 8 
1 6 b_base -88 3 0 
1 1 83 1 82 
15 1 84 
19 1 85 
19 6 a -8 
24 5 0 
89
