62
23
22 5 48 
17 5 3 6 a -8 
25
25
3 5 3 5 8 
1 6 b_base -48 3 0 
1 1 8 1 7 
16 5 67 1 9 
3 5 4 5 8 
1 6 b_base -48 3 0 
1 1 12 1 11 
3 5 3 5 8 
1 6 b_base -48 3 0 
1 1 15 1 14 
15 1 16 
1 1 17 6 a -8 
16 1 18 1 13 
1 6 res_base 32760 4 0 
16 5 4 1 20 
1 6 res_base 32760 4 0 
15 1 22 
3 1 23 5 8 
1 6 b_base -48 3 0 
1 1 25 1 24 
15 1 26 
19 1 27 
8 5 1 5 0 
13 1 29 2 37 
1 6 res_base 32760 4 0 
15 1 31 
1 1 32 5 1 
1 6 res_base 32760 4 0 
16 1 33 1 34 
10 2 42 
1 6 res_base 32760 4 0 
15 1 37 
2 1 38 5 1 
1 6 res_base 32760 4 0 
16 1 39 1 40 
1 6 res_base 32760 4 0 
15 1 42 
3 1 43 5 8 
1 6 b_base -48 3 0 
1 1 45 1 44 
16 5 89 1 46 
1 6 res_base 32760 4 0 
15 1 48 
3 1 49 5 8 
1 6 b_base -48 3 0 
1 1 51 1 50 
15 1 52 
19 1 53 
3 5 3 5 8 
1 6 b_base -48 3 0 
1 1 56 1 55 
15 1 57 
19 1 58 
19 6 a -8 
24 5 0 
62
62
23
22 5 48 
17 5 3 6 a -8 
25
25
3 5 3 5 8 
1 6 b_base -48 3 0 
1 1 8 1 7 
16 5 67 1 9 
3 5 4 5 8 
1 6 b_base -48 3 0 
1 1 12 1 11 
3 5 3 5 8 
1 6 b_base -48 3 0 
1 1 15 1 14 
15 1 16 
1 1 17 6 a -8 
16 1 18 1 13 
1 6 res_base 32760 4 0 
16 5 4 1 20 
1 6 res_base 32760 4 0 
15 1 22 
3 1 23 5 8 
1 6 b_base -48 3 0 
1 1 25 1 24 
15 1 26 
19 1 27 
8 5 1 5 0 
13 1 29 2 37 
1 6 res_base 32760 4 0 
15 1 31 
1 1 32 5 1 
1 6 res_base 32760 4 0 
16 1 33 1 34 
10 2 42 
1 6 res_base 32760 4 0 
15 1 37 
2 1 38 5 1 
1 6 res_base 32760 4 0 
16 1 39 1 40 
1 6 res_base 32760 4 0 
15 1 42 
3 1 43 5 8 
1 6 b_base -48 3 0 
1 1 45 1 44 
16 5 89 1 46 
1 6 res_base 32760 4 0 
15 1 48 
3 1 49 5 8 
1 6 b_base -48 3 0 
1 1 51 1 50 
15 1 52 
19 1 53 
3 5 3 5 8 
1 6 b_base -48 3 0 
1 1 56 1 55 
15 1 57 
19 1 58 
19 6 a -8 
24 5 0 
62
