89
23
22 5 88
25
25
25
25
25
25
25
25
25
25
25
25
25
25
25
25
25
25
25
25
25
3 5 5 5 8
1 6 b_base -88 3 0
1 1 26 1 25
16 5 7 1 27
25
25
25
25
19 5 7
3 5 3 5 8
1 6 b_base -88 3 0
1 1 35 1 34
16 5 67 1 36
3 5 4 5 8
1 6 b_base -88 3 0
1 1 39 1 38
25
25
25
25
25
16 5 72 1 40
25
25
25
25
25
25
25
25
19 5 72
25
11 5 0 2 64
25
25
25
1 6 res_base 32760 4 0
16 5 5 1 61
10 2 69 
25
25
25
25
25
1 6 res_base 32760 4 0
15 1 69
3 1 70 5 8
1 6 b_base -88 3 0
1 1 72 1 71
16 5 89 1 73
1 6 res_base 32760 4 0
15 1 75
3 1 76 5 8
1 6 b_base -88 3 0
1 1 78 1 77
15 1 79
19 1 80
3 5 3 5 8
1 6 b_base -88 3 0
1 1 83 1 82
15 1 84
19 1 85
19 5 5
24 5 0 
89
89
23
22 5 88
25
25
25
25
25
25
25
25
25
25
25
25
25
25
25
25
25
25
25
25
25
3 5 5 5 8
1 6 b_base -88 3 0
1 1 26 1 25
16 5 7 1 27
25
25
25
25
19 5 7
3 5 3 5 8
1 6 b_base -88 3 0
1 1 35 1 34
16 5 67 1 36
3 5 4 5 8
1 6 b_base -88 3 0
1 1 39 1 38
25
25
25
25
25
16 5 72 1 40
25
25
25
25
25
25
25
25
19 5 72
25
11 5 0 2 64
25
25
25
1 6 res_base 32760 4 0
16 5 5 1 61
10 2 69 
25
25
25
25
25
1 6 res_base 32760 4 0
15 1 69
3 1 70 5 8
1 6 b_base -88 3 0
1 1 72 1 71
16 5 89 1 73
1 6 res_base 32760 4 0
15 1 75
3 1 76 5 8
1 6 b_base -88 3 0
1 1 78 1 77
15 1 79
19 1 80
3 5 3 5 8
1 6 b_base -88 3 0
1 1 83 1 82
15 1 84
19 1 85
19 5 5
24 5 0 
89
